%YAML:1.0
# General sensor definitions.
camera_id: left_cam

# Sensor extrinsics wrt. the body-frame.
T_BS:
  cols: 4
  rows: 4
  data: [0, 0, 1, 0.5485,
         -1, 0, 0, -0.01,
          0, -1, 0, 0.17,
          0, 0, 0, 1]

# Camera specific definitions.
rate_hz: 15
resolution: [1280, 720]
camera_model: pinhole
intrinsics: [542.8788452148438, 542.8788452148438, 614.2180786132812, 390.3277282714844] #fu, fv, cu, cv
distortion_model: radial-tangential
distortion_coefficients: [0, 0, 0, 0]

