%YAML:1.0
---
model_type: PINHOLE
camera_name: camera
image_width: 1280
image_height: 720
distortion_parameters:
   k1: 0
   k2: 0
   p1: 0
   p2: 0
projection_parameters:
   fx: 5.425426025390625e+02
   fy: 5.425426025390625e+02
   cx: 6.142172241210938e+02
   cy: 3.903240966796875e+02
