%YAML:1.0
---
model_type: PINHOLE
camera_name: camera
image_width: 1280
image_height: 720
distortion_parameters:
   k1: 0
   k2: 0
   p1: 0
   p2: 0
projection_parameters:
   fx: 5.428788452148438e+02
   fy: 5.428788452148438e+02
   cx: 6.142180786132812e+02
   cy: 3.903277282714844e+02
